50
3
1 2 3
2 3 5
3 5 6
2 3 4
1 2 3
2
2 6
4 8
6 8
10
9 17 24 30 35 39 42 44 45 62
3 11 18 19 20 21 22 23 24 51
5 13 20 26 31 32 33 34 35 55
3 11 18 19 20 21 22 23 24 50
5 13 20 26 31 32 33 34 35 54
7 15 22 28 33 37 40 41 42 58
8 16 23 29 34 38 41 43 44 61
6 14 21 27 32 36 37 38 39 57
6 14 21 27 32 36 37 38 39 56
1 2 3 4 5 6 7 8 9 47
4 12 19 25 26 27 28 29 30 52
2 10 11 12 13 14 15 16 17 49
2 10 11 12 13 14 15 16 17 48
1 2 3 4 5 6 7 8 9 46
9 17 24 30 35 39 42 44 45 63
46 48 51 52 54 56 59 61 62 64
7 15 22 28 33 37 40 41 42 59
4 12 19 25 26 27 28 29 30 53
47 49 50 53 55 57 58 60 63 64
9
11 13 14 17 23 27 33 37 38
25 28 32 33 39 43 46 50 55
13 14 15 18 24 28 36 39 41
15 22 29 33 36 38 39 42 46
10 13 15 17 18 21 28 31 33
22 26 28 31 35 37 42 47 51
7 8 10 13 17 21 22 24 25
9 10 13 14 15 20 25 28 32
6 8 11 13 14 19 22 26 28
18 25 34 38 41 45 48 51 55
3 6 9 10 11 12 15 17 18
12 21 25 27 28 30 33 37 43
11 17 20 23 24 25 29 35 39
17 24 31 37 39 40 43 47 50
17 19 20 21 25 30 38 40 45
19 22 25 28 29 33 39 43 48
3 7 8 11 13 17 19 22 25
2
4 8
6 8
2 4
4
6 10 12 15
2 7 8 11
9 11 13 15
1 4 7 9
4 7 9 10
4 9 11 13
1 2 4 6
10
14 18 20 23 25 28 32 34 39 42
21 25 29 32 37 38 42 44 47 49
25 28 32 33 38 42 44 46 51 53
20 22 25 28 30 35 38 42 44 48
29 33 35 39 43 46 47 51 53 57
7 11 15 18 20 21 25 28 32 36
17 19 24 25 27 33 37 38 42 45
10 15 16 20 24 28 29 32 35 39
29 32 35 37 42 44 45 47 53 57
14 16 20 23 26 29 32 33 37 42
16 20 24 26 27 30 35 36 43 47
10 15 16 20 24 25 28 33 35 38
24 26 28 32 35 36 42 44 45 50
20 21 28 29 33 35 36 38 46 48
28 31 33 34 36 38 44 46 47 54
32 36 39 42 45 48 50 54 57 58
7 11 15 16 19 22 26 31 33 36
33 36 38 42 47 48 49 53 57 58
4 7 10 14 16 20 21 25 29 32
3
2 3 4
1 2 3
2 3 4
3 4 5
3 4 5
2
2 6
2 4
4 8
10
9 12 13 14 16 18 19 22 24 26
17 18 20 22 23 26 27 31 32 33
10 14 16 17 19 20 22 24 25 27
2 4 5 7 9 11 13 15 16 17
14 17 20 22 24 25 27 28 30 32
5 7 9 12 13 14 16 17 18 20
13 15 16 17 19 20 22 25 27 28
16 17 18 20 22 24 25 29 30 32
4 6 7 9 11 12 14 15 17 18
5 8 9 11 12 14 16 18 20 22
7 9 11 13 14 15 17 18 20 22
9 12 14 15 18 19 20 22 24 26
15 16 17 18 21 22 24 27 28 30
11 13 14 15 17 19 20 23 25 27
12 15 18 20 22 23 25 27 29 31
2 4 5 7 8 9 10 12 14 15
15 18 22 23 26 27 28 30 32 33
8 11 12 14 16 17 19 21 22 23
7 10 12 13 14 15 17 20 22 23
10
17 18 21 22 24 27 29 30 31 34
1 3 4 5 7 9 10 12 13 15
15 16 19 21 23 25 27 28 30 32
9 11 14 16 17 19 21 22 25 27
15 16 20 23 25 27 29 31 32 34
5 6 9 11 12 14 15 17 18 20
7 10 12 13 16 17 19 20 23 24
11 12 14 17 19 21 23 25 27 29
8 10 11 14 16 17 20 21 23 25
4 7 9 10 11 13 14 17 19 21
3 5 6 8 10 11 12 15 16 18
13 15 18 21 23 25 27 29 30 31
10 12 15 18 20 21 23 25 27 29
13 15 17 19 20 22 25 27 29 31
3 5 7 8 10 11 12 13 15 16
9 11 13 16 17 19 21 23 25 27
12 13 17 19 21 23 25 27 28 30
1 3 5 7 8 9 11 13 15 17
5 8 11 12 14 16 17 19 21 22
7
36 37 38 39 40 41 42
7 14 21 28 35 42 49
3 10 17 24 31 38 45
2 9 16 23 30 37 44
1 2 3 4 5 6 7
1 8 15 22 29 36 43
22 23 24 25 26 27 28
15 16 17 18 19 20 21
6 13 20 27 34 41 48
5 12 19 26 33 40 47
29 30 31 32 33 34 35
43 44 45 46 47 48 49
4 11 18 25 32 39 46
8
20 29 34 41 44 52 55 59
2 10 13 16 19 22 25 29
1 2 5 9 11 12 17 22
11 20 23 26 32 36 42 44
16 25 32 37 42 47 49 55
15 22 29 33 36 38 42 51
22 29 34 41 46 51 55 59
7 13 16 20 23 26 29 34
17 27 29 36 41 42 49 55
12 24 26 31 37 38 47 52
1 6 7 9 10 15 16 20
9 17 20 25 29 33 37 41
5 12 16 21 25 29 32 34
6 10 12 17 20 24 27 29
9 16 21 25 26 31 36 41
3
7 13 15
5 6 7
5 8 11
6 12 14
8 12 13
5
5 9 12 13 15
1 5 7 10 11
7 12 14 15 19
14 16 19 24 29
1 5 9 11 14
10 13 17 20 24
9 13 14 17 21
11 15 21 25 29
5 9 13 14 16
5
5 6 9 14 16
7 9 12 16 18
7 8 9 12 14
3 4 5 7 10
4 5 8 12 13
10 12 14 19 20
11 13 16 18 20
10 12 14 16 19
3 4 7 10 11
4
4 9 13 18
7 14 19 20
13 19 22 27
15 22 27 32
9 14 18 22
4 7 12 15
18 20 26 32
6
2 3 8 11 14 18
11 13 22 30 31 33
18 21 31 35 39 42
2 5 10 11 15 18
10 15 20 22 27 31
14 19 27 32 36 39
8 11 20 25 27 30
18 25 30 33 39 42
15 22 27 31 36 39
5 9 11 13 19 21
3 9 15 19 22 25
2
5 7
7 13
5 10
4
2 3 4 5
2 3 4 5
4 5 6 7
1 2 3 4
3 4 5 6
1 2 3 4
4 5 6 7
2
2 4
6 8
2 6
2
3 4
1 2
1 3
4
49 67 91 113
55 91 103 108
45 67 91 92
67 113 118 127
25 49 56 67
25 45 55 67
67 92 108 127
7
1 2 3 5 7 8 10
3 5 7 8 10 11 13
1 2 3 4 5 6 8
2 3 4 5 6 7 10
7 8 10 12 13 15 18
8 10 11 13 15 16 19
3 4 7 9 10 11 13
8 10 13 16 18 19 20
2 3 5 7 8 10 11
5 7 9 10 12 14 16
4 5 8 10 12 13 14
6 7 11 14 15 16 19
5 6 10 12 13 15 17
10
11 12 13 14 15 16 17 18 19 20
31 32 33 34 35 36 37 38 39 40
61 62 63 64 65 66 67 68 69 70
7 17 27 37 47 57 67 77 87 97
10 20 30 40 50 60 70 80 90 100
1 11 21 31 41 51 61 71 81 91
91 92 93 94 95 96 97 98 99 100
6 16 26 36 46 56 66 76 86 96
41 42 43 44 45 46 47 48 49 50
81 82 83 84 85 86 87 88 89 90
4 14 24 34 44 54 64 74 84 94
1 2 3 4 5 6 7 8 9 10
5 15 25 35 45 55 65 75 85 95
9 19 29 39 49 59 69 79 89 99
3 13 23 33 43 53 63 73 83 93
2 12 22 32 42 52 62 72 82 92
8 18 28 38 48 58 68 78 88 98
71 72 73 74 75 76 77 78 79 80
21 22 23 24 25 26 27 28 29 30
5
2 5 6 7 8
8 11 16 17 19
5 7 10 11 13
2 5 6 8 10
10 13 17 18 22
6 9 13 16 17
5 7 9 10 13
6 10 13 16 18
7 10 16 17 18
4
2 4 5 10
1 2 3 7
2 4 5 9
3 5 6 12
1 2 3 8
3 5 6 11
7 9 12 13
4
1 5 9 13
5 6 7 8
4 8 12 16
2 6 10 14
1 2 3 4
9 10 11 12
3 7 11 15
3
5 6 7
4 5 7
1 3 5
3 4 5
1 3 4
2
3 5
8 12
3 8
7
6 12 14 15 18 21 22
4 9 10 13 14 17 19
3 6 8 11 12 13 16
10 17 19 20 24 28 32
12 14 18 19 22 24 26
13 17 21 24 27 28 31
8 10 14 16 18 19 21
12 19 21 24 26 31 33
6 9 12 14 16 17 19
3 4 6 7 8 10 12
7 14 16 18 19 24 25
8 16 18 19 22 27 29
11 13 15 18 19 20 24
9
11 15 17 18 19 21 23 25 26
12 16 18 20 21 23 24 26 27
6 8 9 10 11 15 16 18 20
12 14 16 17 19 20 23 25 26
14 16 18 20 22 23 25 26 27
5 6 8 9 10 13 14 17 18
8 11 13 15 17 18 19 20 23
9 13 14 16 18 20 22 23 25
8 10 11 13 15 18 20 21 23
4 6 8 9 10 11 12 16 18
2 3 5 6 7 8 10 12 14
2 3 4 5 6 8 9 11 12
3 5 6 7 9 11 13 15 16
3 5 6 8 9 10 11 14 16
6 9 10 11 13 15 16 19 22
10 11 12 15 16 19 22 23 24
5 7 9 10 11 13 15 17 20
3
7 11 14
3 7 8
3 7 9
7 11 14
8 14 18
7
3 8 12 13 14 15 27
22 25 26 28 31 33 34
4 9 13 16 17 18 29
4 9 13 16 17 18 28
2 7 8 9 10 11 25
3 8 12 13 14 15 26
1 2 3 4 5 6 23
5 10 14 17 19 20 31
6 11 15 18 20 21 33
2 7 8 9 10 11 24
6 11 15 18 20 21 32
1 2 3 4 5 6 22
23 24 27 29 30 32 34
2
2 22
2 22
22 222
10
18 24 26 27 31 33 37 40 43 46
13 17 20 22 24 25 28 31 33 34
17 20 22 24 30 33 35 39 43 44
20 23 25 26 32 34 38 40 46 47
13 15 18 20 27 28 30 34 37 40
14 18 23 24 27 28 30 33 35 38
5 7 13 14 20 22 24 26 27 29
20 25 28 29 32 35 40 42 44 47
1 3 4 5 8 11 13 15 17 20
11 13 17 19 24 25 28 31 33 35
15 17 19 23 29 31 33 37 40 42
11 14 17 20 23 24 27 29 30 32
3 5 9 10 14 17 18 21 24 25
4 6 11 12 17 20 23 25 26 28
6 9 11 13 14 17 18 19 22 25
17 21 25 26 28 31 34 37 39 40
3 5 6 7 11 13 15 17 20 23
8 11 14 16 23 24 27 28 31 32
8 10 12 14 16 19 20 23 24 26
7
4 5 6 7 8 9 10
4 5 6 7 8 9 10
1 2 3 4 5 6 7
6 7 8 9 10 11 12
7 8 9 10 11 12 13
7 8 9 10 11 12 13
2 3 4 5 6 7 8
5 6 7 8 9 10 11
3 4 5 6 7 8 9
6 7 8 9 10 11 12
2 3 4 5 6 7 8
5 6 7 8 9 10 11
3 4 5 6 7 8 9
10
2 3 4 5 6 7 8 9 10 11
9 10 11 12 13 14 15 16 17 18
7 8 9 10 11 12 13 14 15 16
4 5 6 7 8 9 10 11 12 13
9 10 11 12 13 14 15 16 17 18
1 2 3 4 5 6 7 8 9 10
5 6 7 8 9 10 11 12 13 14
3 4 5 6 7 8 9 10 11 12
6 7 8 9 10 11 12 13 14 15
8 9 10 11 12 13 14 15 16 17
5 6 7 8 9 10 11 12 13 14
4 5 6 7 8 9 10 11 12 13
2 3 4 5 6 7 8 9 10 11
1 2 3 4 5 6 7 8 9 10
8 9 10 11 12 13 14 15 16 17
6 7 8 9 10 11 12 13 14 15
10 11 12 13 14 15 16 17 18 19
7 8 9 10 11 12 13 14 15 16
10 11 12 13 14 15 16 17 18 19
3
1 2 3
3 4 5
2 3 4
2 3 4
1 2 3
2
2 22
22 222
22 222
3
1 2 3
1 2 3
3 4 5
2 3 4
3 4 5
2
1 3
1 2
3 6
7
5 6 9 10 12 13 15
10 13 15 16 19 20 22
8 9 12 15 17 19 21
12 15 17 19 21 23 24
2 3 5 7 8 9 10
7 9 11 13 15 16 17
9 11 13 15 17 18 20
7 8 10 13 15 16 19
5 7 9 11 13 15 17
2 3 5 7 9 10 12
9 11 13 16 18 20 23
3 5 7 8 9 11 12
3 5 6 9 11 13 15
4
7 9 11 13
4 5 8 9
2 4 5 6
6 7 10 13
6 8 9 10
2 4 6 7
5 6 9 11
6
10 20 22 26 29 35
10 15 19 22 26 30
7 14 17 19 23 26
11 17 23 27 29 33
4 7 8 10 11 15
8 17 19 22 27 31
5 10 13 15 17 18
4 5 7 8 10 14
14 24 28 30 33 38
7 10 14 17 20 24
15 18 26 31 35 38
10
32 36 42 44 55 56 60 69 73 75
28 34 37 41 52 53 56 64 69 73
24 29 33 39 47 51 53 59 64 69
13 15 26 31 34 38 40 42 47 50
15 22 29 34 39 43 44 47 52 55
9 16 21 26 28 30 31 33 37 42
8 13 14 15 18 21 25 29 34 36
5 8 9 12 15 18 22 23 27 28
5 8 11 13 14 17 19 24 28 32
19 25 31 38 44 49 51 56 60 63
11 14 21 26 29 32 36 40 42 45
14 18 28 34 39 42 46 48 49 53
27 32 42 47 49 58 60 64 69 73
12 17 26 31 34 35 38 39 41 44
22 29 36 40 46 50 51 53 56 60
23 31 40 42 48 54 56 59 64 69
17 21 30 35 43 46 50 54 58 59
8 13 16 17 22 25 29 31 32 34
28 34 45 50 53 59 63 69 73 75
4
7 9 13 15
7 9 10 13
5 8 10 14
3 4 5 7
4 5 9 12
3 4 7 9
9 12 14 15
2
4 5
2 3
3 5
10
131 161 186 217 233 242 289 300 308 340
109 139 144 163 164 198 222 247 272 289
89 99 138 153 156 177 198 214 236 278
46 69 90 106 121 138 141 155 156 186
105 121 141 163 164 188 222 242 249 290
86 89 121 133 135 159 164 211 212 254
47 70 90 104 112 135 144 182 202 224
51 89 104 112 133 153 163 179 200 217
22 40 47 71 86 89 105 121 123 131
22 43 46 51 67 85 109 116 134 142
40 51 69 89 105 130 139 158 165 179
71 84 106 112 124 139 163 193 206 243
43 51 70 84 89 99 121 131 142 161
116 158 182 193 211 214 242 252 276 300
85 130 135 139 159 177 188 219 226 242
142 179 224 243 254 278 290 310 327 340
67 105 112 124 135 156 164 200 216 233
121 131 155 179 200 219 247 252 256 310
123 142 156 200 216 226 272 276 280 327
7
35 67 72 79 113 119 141
88 120 141 162 168 170 196
46 73 78 81 132 133 162
64 73 79 81 97 133 152
47 85 87 97 133 155 168
17 47 67 73 85 98 119
65 97 113 132 133 140 153
7 17 41 64 65 73 88
72 98 119 133 140 163 170
41 58 72 78 87 119 128
73 109 119 133 155 163 174
91 119 128 152 153 174 196
31 47 58 73 97 109 120
