1
10
15 16 21 24 26 29 31 32 33 37
8 11 13 15 18 21 22 24 27 29
18 20 25 26 31 32 37 40 43 46
3 6 9 11 14 15 16 17 19 20
11 13 17 20 23 26 28 30 33 36
5 9 11 12 15 16 19 21 22 24
3 5 8 10 11 14 15 18 19 20
14 17 18 22 26 29 31 33 35 38
19 22 27 29 33 35 40 43 44 48
6 9 11 12 13 17 19 20 22 23
9 11 13 15 17 18 22 25 28 29
19 22 28 31 32 33 40 43 44 49
20 23 29 34 36 37 43 45 48 50
16 19 22 26 28 31 34 37 40 43
17 21 24 27 30 33 37 40 43 45
14 15 18 19 23 26 29 31 32 36
20 24 29 30 36 38 43 46 49 50
11 12 15 16 20 22 23 26 31 34
15 19 22 23 29 31 34 37 40 43