Case #1:
11111111111111111111111111111111 3 2 5 2 7 2 3 2 11
11111111111111111111111111110011 3 2 5 2 7 2 3 2 11
11111111111111111111111111011011 3 2 5 2 7 2 3 2 11
11111111111111111111111111001111 3 2 5 2 7 2 3 2 11
11111111111111111111111111000011 3 2 5 2 7 2 3 2 11
11111111111111111111111101111011 3 2 5 2 7 2 3 2 11
11111111111111111111111101101111 3 2 5 2 7 2 3 2 11
11111111111111111111111101100011 3 2 5 2 7 2 3 2 11
11111111111111111111111100111111 3 2 5 2 7 2 3 2 11
11111111111111111111111100110011 3 2 5 2 7 2 3 2 11
11111111111111111111111100011011 3 2 5 2 7 2 3 2 11
11111111111111111111111100001111 3 2 5 2 7 2 3 2 11
11111111111111111111111100000011 3 2 5 2 7 2 3 2 11
11111111111111111111110111111011 3 2 5 2 7 2 3 2 11
11111111111111111111110111101111 3 2 5 2 7 2 3 2 11
11111111111111111111110111100011 3 2 5 2 7 2 3 2 11
11111111111111111111110110111111 3 2 5 2 7 2 3 2 11
11111111111111111111110110110011 3 2 5 2 7 2 3 2 11
11111111111111111111110110011011 3 2 5 2 7 2 3 2 11
11111111111111111111110110001111 3 2 5 2 7 2 3 2 11
11111111111111111111110110000011 3 2 5 2 7 2 3 2 11
11111111111111111111110011111111 3 2 5 2 7 2 3 2 11
11111111111111111111110011110011 3 2 5 2 7 2 3 2 11
11111111111111111111110011011011 3 2 5 2 7 2 3 2 11
11111111111111111111110011001111 3 2 5 2 7 2 3 2 11
11111111111111111111110011000011 3 2 5 2 7 2 3 2 11
11111111111111111111110001111011 3 2 5 2 7 2 3 2 11
11111111111111111111110001101111 3 2 5 2 7 2 3 2 11
11111111111111111111110001100011 3 2 5 2 7 2 3 2 11
11111111111111111111110000111111 3 2 5 2 7 2 3 2 11
11111111111111111111110000110011 3 2 5 2 7 2 3 2 11
11111111111111111111110000011011 3 2 5 2 7 2 3 2 11
11111111111111111111110000001111 3 2 5 2 7 2 3 2 11
11111111111111111111110000000011 3 2 5 2 7 2 3 2 11
11111111111111111111011111111011 3 2 5 2 7 2 3 2 11
11111111111111111111011111101111 3 2 5 2 7 2 3 2 11
11111111111111111111011111100011 3 2 5 2 7 2 3 2 11
11111111111111111111011110111111 3 2 5 2 7 2 3 2 11
11111111111111111111011110110011 3 2 5 2 7 2 3 2 11
11111111111111111111011110011011 3 2 5 2 7 2 3 2 11
11111111111111111111011110001111 3 2 5 2 7 2 3 2 11
11111111111111111111011110000011 3 2 5 2 7 2 3 2 11
11111111111111111111011011111111 3 2 5 2 7 2 3 2 11
11111111111111111111011011110011 3 2 5 2 7 2 3 2 11
11111111111111111111011011011011 3 2 5 2 7 2 3 2 11
11111111111111111111011011001111 3 2 5 2 7 2 3 2 11
11111111111111111111011011000011 3 2 5 2 7 2 3 2 11
11111111111111111111011001111011 3 2 5 2 7 2 3 2 11
11111111111111111111011001101111 3 2 5 2 7 2 3 2 11
11111111111111111111011001100011 3 2 5 2 7 2 3 2 11
11111111111111111111011000111111 3 2 5 2 7 2 3 2 11
11111111111111111111011000110011 3 2 5 2 7 2 3 2 11
11111111111111111111011000011011 3 2 5 2 7 2 3 2 11
11111111111111111111011000001111 3 2 5 2 7 2 3 2 11
11111111111111111111011000000011 3 2 5 2 7 2 3 2 11
11111111111111111111001111111111 3 2 5 2 7 2 3 2 11
11111111111111111111001111110011 3 2 5 2 7 2 3 2 11
11111111111111111111001111011011 3 2 5 2 7 2 3 2 11
11111111111111111111001111001111 3 2 5 2 7 2 3 2 11
11111111111111111111001111000011 3 2 5 2 7 2 3 2 11
11111111111111111111001101111011 3 2 5 2 7 2 3 2 11
11111111111111111111001101101111 3 2 5 2 7 2 3 2 11
11111111111111111111001101100011 3 2 5 2 7 2 3 2 11
11111111111111111111001100111111 3 2 5 2 7 2 3 2 11
11111111111111111111001100110011 3 2 5 2 7 2 3 2 11
11111111111111111111001100011011 3 2 5 2 7 2 3 2 11
11111111111111111111001100001111 3 2 5 2 7 2 3 2 11
11111111111111111111001100000011 3 2 5 2 7 2 3 2 11
11111111111111111111000111111011 3 2 5 2 7 2 3 2 11
11111111111111111111000111101111 3 2 5 2 7 2 3 2 11
11111111111111111111000111100011 3 2 5 2 7 2 3 2 11
11111111111111111111000110111111 3 2 5 2 7 2 3 2 11
11111111111111111111000110110011 3 2 5 2 7 2 3 2 11
11111111111111111111000110011011 3 2 5 2 7 2 3 2 11
11111111111111111111000110001111 3 2 5 2 7 2 3 2 11
11111111111111111111000110000011 3 2 5 2 7 2 3 2 11
11111111111111111111000011111111 3 2 5 2 7 2 3 2 11
11111111111111111111000011110011 3 2 5 2 7 2 3 2 11
11111111111111111111000011011011 3 2 5 2 7 2 3 2 11
11111111111111111111000011001111 3 2 5 2 7 2 3 2 11
11111111111111111111000011000011 3 2 5 2 7 2 3 2 11
11111111111111111111000001111011 3 2 5 2 7 2 3 2 11
11111111111111111111000001101111 3 2 5 2 7 2 3 2 11
11111111111111111111000001100011 3 2 5 2 7 2 3 2 11
11111111111111111111000000111111 3 2 5 2 7 2 3 2 11
11111111111111111111000000110011 3 2 5 2 7 2 3 2 11
11111111111111111111000000011011 3 2 5 2 7 2 3 2 11
11111111111111111111000000001111 3 2 5 2 7 2 3 2 11
11111111111111111111000000000011 3 2 5 2 7 2 3 2 11
11111111111111111101111111111011 3 2 5 2 7 2 3 2 11
11111111111111111101111111101111 3 2 5 2 7 2 3 2 11
11111111111111111101111111100011 3 2 5 2 7 2 3 2 11
11111111111111111101111110111111 3 2 5 2 7 2 3 2 11
11111111111111111101111110110011 3 2 5 2 7 2 3 2 11
11111111111111111101111110011011 3 2 5 2 7 2 3 2 11
11111111111111111101111110001111 3 2 5 2 7 2 3 2 11
11111111111111111101111110000011 3 2 5 2 7 2 3 2 11
11111111111111111101111011111111 3 2 5 2 7 2 3 2 11
11111111111111111101111011110011 3 2 5 2 7 2 3 2 11
11111111111111111101111011011011 3 2 5 2 7 2 3 2 11
11111111111111111101111011001111 3 2 5 2 7 2 3 2 11
11111111111111111101111011000011 3 2 5 2 7 2 3 2 11
11111111111111111101111001111011 3 2 5 2 7 2 3 2 11
11111111111111111101111001101111 3 2 5 2 7 2 3 2 11
11111111111111111101111001100011 3 2 5 2 7 2 3 2 11
11111111111111111101111000111111 3 2 5 2 7 2 3 2 11
11111111111111111101111000110011 3 2 5 2 7 2 3 2 11
11111111111111111101111000011011 3 2 5 2 7 2 3 2 11
11111111111111111101111000001111 3 2 5 2 7 2 3 2 11
11111111111111111101111000000011 3 2 5 2 7 2 3 2 11
11111111111111111101101111111111 3 2 5 2 7 2 3 2 11
11111111111111111101101111110011 3 2 5 2 7 2 3 2 11
11111111111111111101101111011011 3 2 5 2 7 2 3 2 11
11111111111111111101101111001111 3 2 5 2 7 2 3 2 11
11111111111111111101101111000011 3 2 5 2 7 2 3 2 11
11111111111111111101101101111011 3 2 5 2 7 2 3 2 11
11111111111111111101101101101111 3 2 5 2 7 2 3 2 11
11111111111111111101101101100011 3 2 5 2 7 2 3 2 11
11111111111111111101101100111111 3 2 5 2 7 2 3 2 11
11111111111111111101101100110011 3 2 5 2 7 2 3 2 11
11111111111111111101101100011011 3 2 5 2 7 2 3 2 11
11111111111111111101101100001111 3 2 5 2 7 2 3 2 11
11111111111111111101101100000011 3 2 5 2 7 2 3 2 11
11111111111111111101100111111011 3 2 5 2 7 2 3 2 11
11111111111111111101100111101111 3 2 5 2 7 2 3 2 11
11111111111111111101100111100011 3 2 5 2 7 2 3 2 11
11111111111111111101100110111111 3 2 5 2 7 2 3 2 11
11111111111111111101100110110011 3 2 5 2 7 2 3 2 11
11111111111111111101100110011011 3 2 5 2 7 2 3 2 11
11111111111111111101100110001111 3 2 5 2 7 2 3 2 11
11111111111111111101100110000011 3 2 5 2 7 2 3 2 11
11111111111111111101100011111111 3 2 5 2 7 2 3 2 11
11111111111111111101100011110011 3 2 5 2 7 2 3 2 11
11111111111111111101100011011011 3 2 5 2 7 2 3 2 11
11111111111111111101100011001111 3 2 5 2 7 2 3 2 11
11111111111111111101100011000011 3 2 5 2 7 2 3 2 11
11111111111111111101100001111011 3 2 5 2 7 2 3 2 11
11111111111111111101100001101111 3 2 5 2 7 2 3 2 11
11111111111111111101100001100011 3 2 5 2 7 2 3 2 11
11111111111111111101100000111111 3 2 5 2 7 2 3 2 11
11111111111111111101100000110011 3 2 5 2 7 2 3 2 11
11111111111111111101100000011011 3 2 5 2 7 2 3 2 11
11111111111111111101100000001111 3 2 5 2 7 2 3 2 11
11111111111111111101100000000011 3 2 5 2 7 2 3 2 11
11111111111111111100111111111111 3 2 5 2 7 2 3 2 11
11111111111111111100111111110011 3 2 5 2 7 2 3 2 11
11111111111111111100111111011011 3 2 5 2 7 2 3 2 11
11111111111111111100111111001111 3 2 5 2 7 2 3 2 11
11111111111111111100111111000011 3 2 5 2 7 2 3 2 11
11111111111111111100111101111011 3 2 5 2 7 2 3 2 11
11111111111111111100111101101111 3 2 5 2 7 2 3 2 11
11111111111111111100111101100011 3 2 5 2 7 2 3 2 11
11111111111111111100111100111111 3 2 5 2 7 2 3 2 11
11111111111111111100111100110011 3 2 5 2 7 2 3 2 11
11111111111111111100111100011011 3 2 5 2 7 2 3 2 11
11111111111111111100111100001111 3 2 5 2 7 2 3 2 11
11111111111111111100111100000011 3 2 5 2 7 2 3 2 11
11111111111111111100110111111011 3 2 5 2 7 2 3 2 11
11111111111111111100110111101111 3 2 5 2 7 2 3 2 11
11111111111111111100110111100011 3 2 5 2 7 2 3 2 11
11111111111111111100110110111111 3 2 5 2 7 2 3 2 11
11111111111111111100110110110011 3 2 5 2 7 2 3 2 11
11111111111111111100110110011011 3 2 5 2 7 2 3 2 11
11111111111111111100110110001111 3 2 5 2 7 2 3 2 11
11111111111111111100110110000011 3 2 5 2 7 2 3 2 11
11111111111111111100110011111111 3 2 5 2 7 2 3 2 11
11111111111111111100110011110011 3 2 5 2 7 2 3 2 11
11111111111111111100110011011011 3 2 5 2 7 2 3 2 11
11111111111111111100110011001111 3 2 5 2 7 2 3 2 11
11111111111111111100110011000011 3 2 5 2 7 2 3 2 11
11111111111111111100110001111011 3 2 5 2 7 2 3 2 11
11111111111111111100110001101111 3 2 5 2 7 2 3 2 11
11111111111111111100110001100011 3 2 5 2 7 2 3 2 11
11111111111111111100110000111111 3 2 5 2 7 2 3 2 11
11111111111111111100110000110011 3 2 5 2 7 2 3 2 11
11111111111111111100110000011011 3 2 5 2 7 2 3 2 11
11111111111111111100110000001111 3 2 5 2 7 2 3 2 11
11111111111111111100110000000011 3 2 5 2 7 2 3 2 11
11111111111111111100011111111011 3 2 5 2 7 2 3 2 11
11111111111111111100011111101111 3 2 5 2 7 2 3 2 11
11111111111111111100011111100011 3 2 5 2 7 2 3 2 11
11111111111111111100011110111111 3 2 5 2 7 2 3 2 11
11111111111111111100011110110011 3 2 5 2 7 2 3 2 11
11111111111111111100011110011011 3 2 5 2 7 2 3 2 11
11111111111111111100011110001111 3 2 5 2 7 2 3 2 11
11111111111111111100011110000011 3 2 5 2 7 2 3 2 11
11111111111111111100011011111111 3 2 5 2 7 2 3 2 11
11111111111111111100011011110011 3 2 5 2 7 2 3 2 11
11111111111111111100011011011011 3 2 5 2 7 2 3 2 11
11111111111111111100011011001111 3 2 5 2 7 2 3 2 11
11111111111111111100011011000011 3 2 5 2 7 2 3 2 11
11111111111111111100011001111011 3 2 5 2 7 2 3 2 11
11111111111111111100011001101111 3 2 5 2 7 2 3 2 11
11111111111111111100011001100011 3 2 5 2 7 2 3 2 11
11111111111111111100011000111111 3 2 5 2 7 2 3 2 11
11111111111111111100011000110011 3 2 5 2 7 2 3 2 11
11111111111111111100011000011011 3 2 5 2 7 2 3 2 11
11111111111111111100011000001111 3 2 5 2 7 2 3 2 11
11111111111111111100011000000011 3 2 5 2 7 2 3 2 11
11111111111111111100001111111111 3 2 5 2 7 2 3 2 11
11111111111111111100001111110011 3 2 5 2 7 2 3 2 11
11111111111111111100001111011011 3 2 5 2 7 2 3 2 11
11111111111111111100001111001111 3 2 5 2 7 2 3 2 11
11111111111111111100001111000011 3 2 5 2 7 2 3 2 11
11111111111111111100001101111011 3 2 5 2 7 2 3 2 11
11111111111111111100001101101111 3 2 5 2 7 2 3 2 11
11111111111111111100001101100011 3 2 5 2 7 2 3 2 11
11111111111111111100001100111111 3 2 5 2 7 2 3 2 11
11111111111111111100001100110011 3 2 5 2 7 2 3 2 11
11111111111111111100001100011011 3 2 5 2 7 2 3 2 11
11111111111111111100001100001111 3 2 5 2 7 2 3 2 11
11111111111111111100001100000011 3 2 5 2 7 2 3 2 11
11111111111111111100000111111011 3 2 5 2 7 2 3 2 11
11111111111111111100000111101111 3 2 5 2 7 2 3 2 11
11111111111111111100000111100011 3 2 5 2 7 2 3 2 11
11111111111111111100000110111111 3 2 5 2 7 2 3 2 11
11111111111111111100000110110011 3 2 5 2 7 2 3 2 11
11111111111111111100000110011011 3 2 5 2 7 2 3 2 11
11111111111111111100000110001111 3 2 5 2 7 2 3 2 11
11111111111111111100000110000011 3 2 5 2 7 2 3 2 11
11111111111111111100000011111111 3 2 5 2 7 2 3 2 11
11111111111111111100000011110011 3 2 5 2 7 2 3 2 11
11111111111111111100000011011011 3 2 5 2 7 2 3 2 11
11111111111111111100000011001111 3 2 5 2 7 2 3 2 11
11111111111111111100000011000011 3 2 5 2 7 2 3 2 11
11111111111111111100000001111011 3 2 5 2 7 2 3 2 11
11111111111111111100000001101111 3 2 5 2 7 2 3 2 11
11111111111111111100000001100011 3 2 5 2 7 2 3 2 11
11111111111111111100000000111111 3 2 5 2 7 2 3 2 11
11111111111111111100000000110011 3 2 5 2 7 2 3 2 11
11111111111111111100000000011011 3 2 5 2 7 2 3 2 11
11111111111111111100000000001111 3 2 5 2 7 2 3 2 11
11111111111111111100000000000011 3 2 5 2 7 2 3 2 11
11111111111111110111111111111011 3 2 5 2 7 2 3 2 11
11111111111111110111111111101111 3 2 5 2 7 2 3 2 11
11111111111111110111111111100011 3 2 5 2 7 2 3 2 11
11111111111111110111111110111111 3 2 5 2 7 2 3 2 11
11111111111111110111111110110011 3 2 5 2 7 2 3 2 11
11111111111111110111111110011011 3 2 5 2 7 2 3 2 11
11111111111111110111111110001111 3 2 5 2 7 2 3 2 11
11111111111111110111111110000011 3 2 5 2 7 2 3 2 11
11111111111111110111111011111111 3 2 5 2 7 2 3 2 11
11111111111111110111111011110011 3 2 5 2 7 2 3 2 11
11111111111111110111111011011011 3 2 5 2 7 2 3 2 11
11111111111111110111111011001111 3 2 5 2 7 2 3 2 11
11111111111111110111111011000011 3 2 5 2 7 2 3 2 11
11111111111111110111111001111011 3 2 5 2 7 2 3 2 11
11111111111111110111111001101111 3 2 5 2 7 2 3 2 11
11111111111111110111111001100011 3 2 5 2 7 2 3 2 11
11111111111111110111111000111111 3 2 5 2 7 2 3 2 11
11111111111111110111111000110011 3 2 5 2 7 2 3 2 11
11111111111111110111111000011011 3 2 5 2 7 2 3 2 11
11111111111111110111111000001111 3 2 5 2 7 2 3 2 11
11111111111111110111111000000011 3 2 5 2 7 2 3 2 11
11111111111111110111101111111111 3 2 5 2 7 2 3 2 11
11111111111111110111101111110011 3 2 5 2 7 2 3 2 11
11111111111111110111101111011011 3 2 5 2 7 2 3 2 11
11111111111111110111101111001111 3 2 5 2 7 2 3 2 11
11111111111111110111101111000011 3 2 5 2 7 2 3 2 11
11111111111111110111101101111011 3 2 5 2 7 2 3 2 11
11111111111111110111101101101111 3 2 5 2 7 2 3 2 11
11111111111111110111101101100011 3 2 5 2 7 2 3 2 11
11111111111111110111101100111111 3 2 5 2 7 2 3 2 11
11111111111111110111101100110011 3 2 5 2 7 2 3 2 11
11111111111111110111101100011011 3 2 5 2 7 2 3 2 11
11111111111111110111101100001111 3 2 5 2 7 2 3 2 11
11111111111111110111101100000011 3 2 5 2 7 2 3 2 11
11111111111111110111100111111011 3 2 5 2 7 2 3 2 11
11111111111111110111100111101111 3 2 5 2 7 2 3 2 11
11111111111111110111100111100011 3 2 5 2 7 2 3 2 11
11111111111111110111100110111111 3 2 5 2 7 2 3 2 11
11111111111111110111100110110011 3 2 5 2 7 2 3 2 11
11111111111111110111100110011011 3 2 5 2 7 2 3 2 11
11111111111111110111100110001111 3 2 5 2 7 2 3 2 11
11111111111111110111100110000011 3 2 5 2 7 2 3 2 11
11111111111111110111100011111111 3 2 5 2 7 2 3 2 11
11111111111111110111100011110011 3 2 5 2 7 2 3 2 11
11111111111111110111100011011011 3 2 5 2 7 2 3 2 11
11111111111111110111100011001111 3 2 5 2 7 2 3 2 11
11111111111111110111100011000011 3 2 5 2 7 2 3 2 11
11111111111111110111100001111011 3 2 5 2 7 2 3 2 11
11111111111111110111100001101111 3 2 5 2 7 2 3 2 11
11111111111111110111100001100011 3 2 5 2 7 2 3 2 11
11111111111111110111100000111111 3 2 5 2 7 2 3 2 11
11111111111111110111100000110011 3 2 5 2 7 2 3 2 11
11111111111111110111100000011011 3 2 5 2 7 2 3 2 11
11111111111111110111100000001111 3 2 5 2 7 2 3 2 11
11111111111111110111100000000011 3 2 5 2 7 2 3 2 11
11111111111111110110111111111111 3 2 5 2 7 2 3 2 11
11111111111111110110111111110011 3 2 5 2 7 2 3 2 11
11111111111111110110111111011011 3 2 5 2 7 2 3 2 11
11111111111111110110111111001111 3 2 5 2 7 2 3 2 11
11111111111111110110111111000011 3 2 5 2 7 2 3 2 11
11111111111111110110111101111011 3 2 5 2 7 2 3 2 11
11111111111111110110111101101111 3 2 5 2 7 2 3 2 11
11111111111111110110111101100011 3 2 5 2 7 2 3 2 11
11111111111111110110111100111111 3 2 5 2 7 2 3 2 11
11111111111111110110111100110011 3 2 5 2 7 2 3 2 11
11111111111111110110111100011011 3 2 5 2 7 2 3 2 11
11111111111111110110111100001111 3 2 5 2 7 2 3 2 11
11111111111111110110111100000011 3 2 5 2 7 2 3 2 11
11111111111111110110110111111011 3 2 5 2 7 2 3 2 11
11111111111111110110110111101111 3 2 5 2 7 2 3 2 11
11111111111111110110110111100011 3 2 5 2 7 2 3 2 11
11111111111111110110110110111111 3 2 5 2 7 2 3 2 11
11111111111111110110110110110011 3 2 5 2 7 2 3 2 11
11111111111111110110110110011011 3 2 5 2 7 2 3 2 11
11111111111111110110110110001111 3 2 5 2 7 2 3 2 11
11111111111111110110110110000011 3 2 5 2 7 2 3 2 11
11111111111111110110110011111111 3 2 5 2 7 2 3 2 11
11111111111111110110110011110011 3 2 5 2 7 2 3 2 11
11111111111111110110110011011011 3 2 5 2 7 2 3 2 11
11111111111111110110110011001111 3 2 5 2 7 2 3 2 11
11111111111111110110110011000011 3 2 5 2 7 2 3 2 11
11111111111111110110110001111011 3 2 5 2 7 2 3 2 11
11111111111111110110110001101111 3 2 5 2 7 2 3 2 11
11111111111111110110110001100011 3 2 5 2 7 2 3 2 11
11111111111111110110110000111111 3 2 5 2 7 2 3 2 11
11111111111111110110110000110011 3 2 5 2 7 2 3 2 11
11111111111111110110110000011011 3 2 5 2 7 2 3 2 11
11111111111111110110110000001111 3 2 5 2 7 2 3 2 11
11111111111111110110110000000011 3 2 5 2 7 2 3 2 11
11111111111111110110011111111011 3 2 5 2 7 2 3 2 11
11111111111111110110011111101111 3 2 5 2 7 2 3 2 11
11111111111111110110011111100011 3 2 5 2 7 2 3 2 11
11111111111111110110011110111111 3 2 5 2 7 2 3 2 11
11111111111111110110011110110011 3 2 5 2 7 2 3 2 11
11111111111111110110011110011011 3 2 5 2 7 2 3 2 11
11111111111111110110011110001111 3 2 5 2 7 2 3 2 11
11111111111111110110011110000011 3 2 5 2 7 2 3 2 11
11111111111111110110011011111111 3 2 5 2 7 2 3 2 11
11111111111111110110011011110011 3 2 5 2 7 2 3 2 11
11111111111111110110011011011011 3 2 5 2 7 2 3 2 11
11111111111111110110011011001111 3 2 5 2 7 2 3 2 11
11111111111111110110011011000011 3 2 5 2 7 2 3 2 11
11111111111111110110011001111011 3 2 5 2 7 2 3 2 11
11111111111111110110011001101111 3 2 5 2 7 2 3 2 11
11111111111111110110011001100011 3 2 5 2 7 2 3 2 11
11111111111111110110011000111111 3 2 5 2 7 2 3 2 11
11111111111111110110011000110011 3 2 5 2 7 2 3 2 11
11111111111111110110011000011011 3 2 5 2 7 2 3 2 11
11111111111111110110011000001111 3 2 5 2 7 2 3 2 11
11111111111111110110011000000011 3 2 5 2 7 2 3 2 11
11111111111111110110001111111111 3 2 5 2 7 2 3 2 11
11111111111111110110001111110011 3 2 5 2 7 2 3 2 11
11111111111111110110001111011011 3 2 5 2 7 2 3 2 11
11111111111111110110001111001111 3 2 5 2 7 2 3 2 11
11111111111111110110001111000011 3 2 5 2 7 2 3 2 11
11111111111111110110001101111011 3 2 5 2 7 2 3 2 11
11111111111111110110001101101111 3 2 5 2 7 2 3 2 11
11111111111111110110001101100011 3 2 5 2 7 2 3 2 11
11111111111111110110001100111111 3 2 5 2 7 2 3 2 11
11111111111111110110001100110011 3 2 5 2 7 2 3 2 11
11111111111111110110001100011011 3 2 5 2 7 2 3 2 11
11111111111111110110001100001111 3 2 5 2 7 2 3 2 11
11111111111111110110001100000011 3 2 5 2 7 2 3 2 11
11111111111111110110000111111011 3 2 5 2 7 2 3 2 11
11111111111111110110000111101111 3 2 5 2 7 2 3 2 11
11111111111111110110000111100011 3 2 5 2 7 2 3 2 11
11111111111111110110000110111111 3 2 5 2 7 2 3 2 11
11111111111111110110000110110011 3 2 5 2 7 2 3 2 11
11111111111111110110000110011011 3 2 5 2 7 2 3 2 11
11111111111111110110000110001111 3 2 5 2 7 2 3 2 11
11111111111111110110000110000011 3 2 5 2 7 2 3 2 11
11111111111111110110000011111111 3 2 5 2 7 2 3 2 11
11111111111111110110000011110011 3 2 5 2 7 2 3 2 11
11111111111111110110000011011011 3 2 5 2 7 2 3 2 11
11111111111111110110000011001111 3 2 5 2 7 2 3 2 11
11111111111111110110000011000011 3 2 5 2 7 2 3 2 11
11111111111111110110000001111011 3 2 5 2 7 2 3 2 11
11111111111111110110000001101111 3 2 5 2 7 2 3 2 11
11111111111111110110000001100011 3 2 5 2 7 2 3 2 11
11111111111111110110000000111111 3 2 5 2 7 2 3 2 11
11111111111111110110000000110011 3 2 5 2 7 2 3 2 11
11111111111111110110000000011011 3 2 5 2 7 2 3 2 11
11111111111111110110000000001111 3 2 5 2 7 2 3 2 11
11111111111111110110000000000011 3 2 5 2 7 2 3 2 11
11111111111111110011111111111111 3 2 5 2 7 2 3 2 11
11111111111111110011111111110011 3 2 5 2 7 2 3 2 11
11111111111111110011111111011011 3 2 5 2 7 2 3 2 11
11111111111111110011111111001111 3 2 5 2 7 2 3 2 11
11111111111111110011111111000011 3 2 5 2 7 2 3 2 11
11111111111111110011111101111011 3 2 5 2 7 2 3 2 11
11111111111111110011111101101111 3 2 5 2 7 2 3 2 11
11111111111111110011111101100011 3 2 5 2 7 2 3 2 11
11111111111111110011111100111111 3 2 5 2 7 2 3 2 11
11111111111111110011111100110011 3 2 5 2 7 2 3 2 11
11111111111111110011111100011011 3 2 5 2 7 2 3 2 11
11111111111111110011111100001111 3 2 5 2 7 2 3 2 11
11111111111111110011111100000011 3 2 5 2 7 2 3 2 11
11111111111111110011110111111011 3 2 5 2 7 2 3 2 11
11111111111111110011110111101111 3 2 5 2 7 2 3 2 11
11111111111111110011110111100011 3 2 5 2 7 2 3 2 11
11111111111111110011110110111111 3 2 5 2 7 2 3 2 11
11111111111111110011110110110011 3 2 5 2 7 2 3 2 11
11111111111111110011110110011011 3 2 5 2 7 2 3 2 11
11111111111111110011110110001111 3 2 5 2 7 2 3 2 11
11111111111111110011110110000011 3 2 5 2 7 2 3 2 11
11111111111111110011110011111111 3 2 5 2 7 2 3 2 11
11111111111111110011110011110011 3 2 5 2 7 2 3 2 11
11111111111111110011110011011011 3 2 5 2 7 2 3 2 11
11111111111111110011110011001111 3 2 5 2 7 2 3 2 11
11111111111111110011110011000011 3 2 5 2 7 2 3 2 11
11111111111111110011110001111011 3 2 5 2 7 2 3 2 11
11111111111111110011110001101111 3 2 5 2 7 2 3 2 11
11111111111111110011110001100011 3 2 5 2 7 2 3 2 11
11111111111111110011110000111111 3 2 5 2 7 2 3 2 11
11111111111111110011110000110011 3 2 5 2 7 2 3 2 11
11111111111111110011110000011011 3 2 5 2 7 2 3 2 11
11111111111111110011110000001111 3 2 5 2 7 2 3 2 11
11111111111111110011110000000011 3 2 5 2 7 2 3 2 11
11111111111111110011011111111011 3 2 5 2 7 2 3 2 11
11111111111111110011011111101111 3 2 5 2 7 2 3 2 11
11111111111111110011011111100011 3 2 5 2 7 2 3 2 11
11111111111111110011011110111111 3 2 5 2 7 2 3 2 11
11111111111111110011011110110011 3 2 5 2 7 2 3 2 11
11111111111111110011011110011011 3 2 5 2 7 2 3 2 11
11111111111111110011011110001111 3 2 5 2 7 2 3 2 11
11111111111111110011011110000011 3 2 5 2 7 2 3 2 11
11111111111111110011011011111111 3 2 5 2 7 2 3 2 11
11111111111111110011011011110011 3 2 5 2 7 2 3 2 11
11111111111111110011011011011011 3 2 5 2 7 2 3 2 11
11111111111111110011011011001111 3 2 5 2 7 2 3 2 11
11111111111111110011011011000011 3 2 5 2 7 2 3 2 11
11111111111111110011011001111011 3 2 5 2 7 2 3 2 11
11111111111111110011011001101111 3 2 5 2 7 2 3 2 11
11111111111111110011011001100011 3 2 5 2 7 2 3 2 11
11111111111111110011011000111111 3 2 5 2 7 2 3 2 11
11111111111111110011011000110011 3 2 5 2 7 2 3 2 11
11111111111111110011011000011011 3 2 5 2 7 2 3 2 11
11111111111111110011011000001111 3 2 5 2 7 2 3 2 11
11111111111111110011011000000011 3 2 5 2 7 2 3 2 11
11111111111111110011001111111111 3 2 5 2 7 2 3 2 11
11111111111111110011001111110011 3 2 5 2 7 2 3 2 11
11111111111111110011001111011011 3 2 5 2 7 2 3 2 11
11111111111111110011001111001111 3 2 5 2 7 2 3 2 11
11111111111111110011001111000011 3 2 5 2 7 2 3 2 11
11111111111111110011001101111011 3 2 5 2 7 2 3 2 11
11111111111111110011001101101111 3 2 5 2 7 2 3 2 11
11111111111111110011001101100011 3 2 5 2 7 2 3 2 11
11111111111111110011001100111111 3 2 5 2 7 2 3 2 11
11111111111111110011001100110011 3 2 5 2 7 2 3 2 11
11111111111111110011001100011011 3 2 5 2 7 2 3 2 11
11111111111111110011001100001111 3 2 5 2 7 2 3 2 11
11111111111111110011001100000011 3 2 5 2 7 2 3 2 11
11111111111111110011000111111011 3 2 5 2 7 2 3 2 11
11111111111111110011000111101111 3 2 5 2 7 2 3 2 11
11111111111111110011000111100011 3 2 5 2 7 2 3 2 11
11111111111111110011000110111111 3 2 5 2 7 2 3 2 11
11111111111111110011000110110011 3 2 5 2 7 2 3 2 11
11111111111111110011000110011011 3 2 5 2 7 2 3 2 11
11111111111111110011000110001111 3 2 5 2 7 2 3 2 11
11111111111111110011000110000011 3 2 5 2 7 2 3 2 11
11111111111111110011000011111111 3 2 5 2 7 2 3 2 11
11111111111111110011000011110011 3 2 5 2 7 2 3 2 11
11111111111111110011000011011011 3 2 5 2 7 2 3 2 11
11111111111111110011000011001111 3 2 5 2 7 2 3 2 11
11111111111111110011000011000011 3 2 5 2 7 2 3 2 11
11111111111111110011000001111011 3 2 5 2 7 2 3 2 11
11111111111111110011000001101111 3 2 5 2 7 2 3 2 11
11111111111111110011000001100011 3 2 5 2 7 2 3 2 11
11111111111111110011000000111111 3 2 5 2 7 2 3 2 11
11111111111111110011000000110011 3 2 5 2 7 2 3 2 11
11111111111111110011000000011011 3 2 5 2 7 2 3 2 11
11111111111111110011000000001111 3 2 5 2 7 2 3 2 11
11111111111111110011000000000011 3 2 5 2 7 2 3 2 11
11111111111111110001111111111011 3 2 5 2 7 2 3 2 11
11111111111111110001111111101111 3 2 5 2 7 2 3 2 11
11111111111111110001111111100011 3 2 5 2 7 2 3 2 11
11111111111111110001111110111111 3 2 5 2 7 2 3 2 11
11111111111111110001111110110011 3 2 5 2 7 2 3 2 11
11111111111111110001111110011011 3 2 5 2 7 2 3 2 11
11111111111111110001111110001111 3 2 5 2 7 2 3 2 11
11111111111111110001111110000011 3 2 5 2 7 2 3 2 11
11111111111111110001111011111111 3 2 5 2 7 2 3 2 11
11111111111111110001111011110011 3 2 5 2 7 2 3 2 11
11111111111111110001111011011011 3 2 5 2 7 2 3 2 11
11111111111111110001111011001111 3 2 5 2 7 2 3 2 11
11111111111111110001111011000011 3 2 5 2 7 2 3 2 11
11111111111111110001111001111011 3 2 5 2 7 2 3 2 11
11111111111111110001111001101111 3 2 5 2 7 2 3 2 11
11111111111111110001111001100011 3 2 5 2 7 2 3 2 11
11111111111111110001111000111111 3 2 5 2 7 2 3 2 11
11111111111111110001111000110011 3 2 5 2 7 2 3 2 11
11111111111111110001111000011011 3 2 5 2 7 2 3 2 11
11111111111111110001111000001111 3 2 5 2 7 2 3 2 11
11111111111111110001111000000011 3 2 5 2 7 2 3 2 11
11111111111111110001101111111111 3 2 5 2 7 2 3 2 11
11111111111111110001101111110011 3 2 5 2 7 2 3 2 11
11111111111111110001101111011011 3 2 5 2 7 2 3 2 11
11111111111111110001101111001111 3 2 5 2 7 2 3 2 11
11111111111111110001101111000011 3 2 5 2 7 2 3 2 11
11111111111111110001101101111011 3 2 5 2 7 2 3 2 11
11111111111111110001101101101111 3 2 5 2 7 2 3 2 11
11111111111111110001101101100011 3 2 5 2 7 2 3 2 11
11111111111111110001101100111111 3 2 5 2 7 2 3 2 11
11111111111111110001101100110011 3 2 5 2 7 2 3 2 11
11111111111111110001101100011011 3 2 5 2 7 2 3 2 11
11111111111111110001101100001111 3 2 5 2 7 2 3 2 11
11111111111111110001101100000011 3 2 5 2 7 2 3 2 11
